spawns: 
  default: 
    world: world
    x: 296.41723114007885
    y: 93.0
    z: -2745.5322144142046
    yaw: 180.68546
    pitch: -19.499886
  spawn: 
    world: world
    x: -72.55590623872929
    y: 87.0
    z: -3242.5930255486674
    yaw: 181.8086
    pitch: 7.8746176
