world: world
x: 281.69999998807907
y: 76.0
z: -2812.5406043579223
yaw: 89.59176
pitch: 0.43151098
name: bank
