world: tropicalmcworld
x: 317.48722206644015
y: 81.0
z: -2761.1626763423615
yaw: -0.44208425
pitch: 1.9499451
name: grades
