world: world
x: -151.99705409028374
y: 74.5
z: -2501.3614969980176
yaw: 178.69525
pitch: -0.89963317
name: koth
