world: PvPArena
x: -398.52447449264326
y: 114.0
z: -428.5459745900419
yaw: -89.98594
pitch: 0.34816217
name: pvp
