world: McShop
x: 270.48736071702314
y: 113.0
z: 286.85989620325773
yaw: -180.00891
pitch: 16.200008
name: shop
