world: world
x: 319.5362994305963
y: 86.0
z: -2773.410220478006
yaw: 270.77335
pitch: 3.9620328
name: Tops
