world: world
x: 378.7846650461934
y: 80.0
z: -2827.6131473213686
yaw: 254.25917
pitch: 11.850037
name: totem
